F = [[ 9.33891933e-09  2.42322787e-06 -8.53127057e-04]
 [ 2.05413313e-06  2.12258726e-07 -1.17089224e-01]
 [-2.81756464e-04  1.13691798e-01  1.00000000e+00]]

Left Camera: 
   R = [[ 9.99910417e-01 -4.02949523e-03  1.27640783e-02]
 [ 4.02091842e-03  9.99991673e-01  6.97540351e-04]
 [-1.27667827e-02 -6.46154545e-04  9.99918293e-01]]
   P = [[718.09382363   0.         641.00672913   0.        ]
 [  0.         718.09382363 359.47769547   0.        ]
 [  0.           0.           1.           0.        ]]

Right Camera: 
   R = [[ 9.99886629e-01  1.86677667e-04 -1.50563668e-02]
 [-1.96793720e-04  9.99999756e-01 -6.70399955e-04]
 [ 1.50562380e-02  6.73286950e-04  9.99886422e-01]]
   P = [[ 7.18093824e+02  0.00000000e+00  6.41006729e+02 -2.55687233e+03]
 [ 0.00000000e+00  7.18093824e+02  3.59477695e+02  0.00000000e+00]
 [ 0.00000000e+00  0.00000000e+00  1.00000000e+00  0.00000000e+00]]